SM:2023-08-04T09:45:32.5816487Z
LM:2023-08-07T06:25:30.7697357Z
CT:image/jpeg
MA:604800
CL:80679
