SM:2023-07-25T09:00:44.7510406Z
LM:2023-07-25T09:00:45.1488190Z
CT:image/jpeg
MA:604800
CL:65821
