SM:2023-08-04T09:45:31.0856318Z
LM:2023-08-07T06:25:30.6391466Z
CT:image/jpeg
MA:604800
CL:80679
